947
1252
1121
135
793
1788
248
1167
1685
710
868
1872
771
31
1708
1285
648
1173
201
313
788
650
617
1542
344
1288
1543
1452
196
1263
1439
1277
1691
1081
1344
1364
86
1278
162
1702
1409
723
705
1458
374
846
854
1906
1108
1684
448
1827
123
20
932
512
1383
1740
446
1466
615
1865
1491
981
1353
156
1621
604
1316
663
146
1109
721
1304
857
222
630
764
553
742
928
1349
1976
1401
685
1766
605
1572
132
939
1244
1430
1841
1301
107
743
225
1747
1013
1890
1718
892
1834
446
1911
1577
304
779
1624
496
491
1575
625
1354
517
1072
605
294
1242
1955
817
199
1330
852
247
1192
843
103
1831
1296
675
1914
289
529
1631
1381
617
1706
75
266
319
204
1071
1879
1530
1913
1802
699
64
936
509
1844
980
1702
246
822
189
678
216
872
1951
1897
131
185
1289
1081
998
432
794
1807
93
1505
464
1764
1848
939
1823
1077
331
1150
762
1423
1627
634
864
1354
1900
34
582
1890
1028
1007
1534
145
1690
1970
1793
904
1585
945
1438
92
1003
499
287
1037
1388
1398
1476
961
844
813
1534
1200
968
1736
394
1208
1254
171
1831
609
35
241
950
651
1436
793
878
83
1877
1006
1817
1493
888
708
879
235
253
1486
749
483
1282
461
625
46
1832
1635
1940
101
1899
1574
1876
1559
955
463
717
1405
715
50
148
478
918
1672
96
1998
1545
616
1429
545
1888
1253
302
798
561
1441
214
878
463
879
1732
1604
1596
1221
721
758
623
1168
1334
1801
1501
66
1542
988
1175
902
1766
1691
1776
1476
901
1315
1818
1616
508
1605
780
221
1971
692
353
383
1756
440
719
1342
544
757
1795
1414
293
1509
246
1100
1433
674
1454
1451
1934
688
948
347
1282
1735
1085
227
729
1806
727
614
841
978
546
1689
1138
807
1496
1284
1944
1510
394
1431
1023
948
73
724
1761
403
1758
810
1310
1425
1318
962
1969
478
1182
1090
1211
1964
855
1406
351
751
709
1919
585
435
714
476
1755
845
346
629
182
378
1242
334
1457
1411
1370
1368
41
1954
876
123
902
1502
641
1600
1765
1235
1567
860
1783
1869
1264
230
85
578
1721
889
1358
1743
1669
1956
192
475
174
975
94
264
1960
713
308
183
1658
1452
964
1339
1577
1442
475
694
35
1777
390
496
389
1089
491
903
1882
943
453
1568
1104
666
1279
218
872
1818
1692
1795
362
752
1713
1125
211
1849
880
1352
604
1852
1314
187
552
627
1263
1453
1273
1974
237
1606
1440
914
1187
1987
831
953
409
1453
1373
435
1694
1035
37
1331
838
734
1195
1300
1038
1610
637
498
956
1109
1425
53
696
1528
1
839
1361
786
1839
1431
1885
1900
1703
646
1153
519
1296
191
585
1585
1854
420
1829
1223
1591
579
1217
677
367
1207
159
1880
1875
1323
1554
20
1679
1545
1706
1745
1340
177
887
1776
938
133
1019
1148
901
369
545
1692
951
584
916
1093
522
761
414
1003
1688
720
1150
296
1937
1113
1684
966
392
576
1260
22
90
1332
692
275
1852
1098
76
1136
177
717
1801
878
229
947
198
1802
1096
282
696
1891
1130
162
1580
1161
255
1156
432
1649
672
896
1147
933
1310
1925
1161
520
1347
312
454
391
503
839
1798
1451
396
1560
415
459
566
43
1861
1823
794
1198
272
1855
66
1295
203
313
571
1452
1339
738
171
806
1018
1604
1314
1956
783
1589
812
1892
1820
344
1327
1740
52
1389
1208
1231
934
1299
1516
1147
1979
1886
1294
1759
1432
532
252
281
1840
1953
86
1709
1354
90
621
1218
1978
558
1731
183
1134
1817
1764
451
951
1122
704
1434
610
1876
709
59
1122
378
837
1062
940
995
1001
443
15
998
1042
1054
14
863
311
422
907
1734
704
1669
1649
1089
558
1489
974
1680
1012
641
987
1110
678
644
1962
375
1805
1850
1243
1853
1637
1910
1259
1877
755
1355
1993
1862
1621
212
1638
1233
264
1872
1625
1892
1888
698
1628
1161
1784
470
246
652
1846
392
1142
1657
1050
1886
520
579
403
398
55
1122
462
1034
1184
756
1324
191
1391
644
814
830
1897
359
752
353
1221
1571
1103
943
519
10
1032
1611
1737
1204
1295
279
376
1932
504
390
25
545
1878
302
599
76
1182
860
1131
897
1031
514
1270
606
1584
1100
749
1824
1005
832
1505
53
176
1187
1209
285
1568
392
1439
490
873
1107
1877
1606
448
1676
66
419
1680
1247
1452
1341
1014
1392
1715
1932
453
589
8
1526
791
843
233
1121
1537
482
1434
134
1522
917
736
1985
584
1961
1661
1941
1167
1751
164
812
678
1596
1928
412
1055
301
1685
1494
275
1784
1386
871
176
742
98
49
497
381
1358
1796
168
1058
688
1814
154
1771
215
1970
935
419
1986
204
1172
454
930
802
215
1564
1584
1999
766
1971
1528
729
941
116
1569
1338
258
360
1258
1483
391
580
227
1740
723
1359
1605
1201
1837
1828
783
1415
686
1763
1966
356
1105
1073
1112
1691
1306
1200
325
607
65
746
874
1583
1914
1863
563
336
818
1486
701
728
583
1543
541
150
4
895
1680
1264
1176
933
1904
1684
594
1265
1248
1376
651
484
949
1629
1008
1195
1664
1109
763
893
1164
533
397
692
1328
1022
298
1224
546
646
704
262
1849
347
917
1392
1597
215
957
1999
333
655
37
499
1692
454
1775
1467
1465
1103
698
559
873
1328
349
682
1315
593
592
1222
856
1171
1366
704
1821
509
1739
1770
39
738
246
1855
914
863
300
33
254
1264
289
494
1814
1362
1675
1649
1902
1075
693
1973
696
598
108
548
323
1186
714
1022
322
1498
1052
133
100
1191
1922
1109
804
1330
35
1057
1135
926
683
1321
1790
241
1122
455
1375
1075
153
1096
548
496
772
1272
1688
712
415
806
457
21
1230
1223
1671
956
1237
1238
311
1628
16
1545
532
340
1600
62
1907
401
1379
1461
33
229
62
391
1099
179
1370
1444
617
71
1913
1867
745
99
963
146
1220
35
289
453
751
930
1701
91
335
854
580
804
713
1222
1906
1502
1910
1387
1384
1431
272
468
851
1341
1356
660
940
1585
420
183
544
10
511
1330
428
1062
767
1447
7
155
1526
968
940
1436
1526
659
1154
327
1156
1931
1050
379
248
151
324
231
1492
1764
1453
1405
526
1910
553
965
1388
1563
26
1214
763
1344
1227
943
188
1645
1787
1916
1372
364
1225
276
1342
1576
1880
1207
1863
559
287
453
1093
1449
304
1362
237
1859
1282
933
80
356
1358
1999
1497
561
1443
249
101
1675
1942
1223
800
710
761
1881
984
1221
166
1791
1616
689
457
620
499
921
392
228
1651
371
1215
111
1789
1728
1340
927
779
1389
1748
174
662
1989
528
737
1765
261
1224
953
1318
88
489
1048
1112
1280
118
1648
1187
486
681
279
773
409
484
695
233
1970
537
770
1750
1032
770
1762
1025
271
877
1022
624
1612
344
521
157
1907
901
1061
978
17
586
981
1047
38
216
1440
726
202
197
833
1223
1248
1912
186
1853
88
1185
1081
1692
1934
1458
1619
1205
1567
1662
1437
1663
1388
1821
10
1700
744
681
463
629
907
1000
642
1499
745
278
1696
603
1693
1262
893
325
190
596
1638
554
324
114
1539
391
1091
894
297
82
1974
1637
1980
224
1816
310
401
1440
363
1117
913
1112
731
234
889
122
508
1981
31
1554
752
1457
1311
623
1766
1570
1939
27
1596
844
1217
441
821
1090
1806
1466
341
231
1632
1676
297
1068
1329
720
467
439
624
1062
867
1276
594
487
754
187
774
1391
1256
5
677
389
1949
924
1624
1336
1420
1303
676
1255
724
510
720
957
1608
1048
1399
904
1670
687
473
405
1477
349
12
1321
679
1557
448
1870
1566
896
463
1624
1579
738
371
803
849
1288
306
1227
408
1
1397
1079
558
390
662
1427
1096
1863
887
745
390
868
1024
1068
452
1812
592
800
1244
870
1125
409
1833
162
1990
270
903
1706
925
330
1094
1682
770
1775
1390
1113
259
887
972
1347
816
1912
1610
341
1874
1331
1516
1293
860
538
967
235
1577
1275
1548
191
1493
1710
210
320
1480
1815
1266
1478
141
1063
1756
710
880
534
1622
7
1270
1525
533
949
695
499
1380
1074
54
334
545
708
977
1860
1815
47
1091
1589
1990
655
1895
1190
671
609
1640
1925
1819
1503
1987
1636
428
455
1582
1140
651
1992
850
32
1727
1832
51
1666
527
36
1232
6
1663
116
1926
601
1623
1642
127
1661
1874
344
1704
1788
513
1003
944
310
735
1831
1483
266
384
1680
1879
1389
978
483
870
825
918
1007
794
1605
232
1843
1120
1133
1033
229
690
526
1406
1820
384
1632
1713
1067
1881
1296
1349
683
355
1497
824
772
698
831
785
1863
149
856
968
650
1588
1590
917
529
566
405
416
165
695
126
1639
1684
1014
854
31
1606
132
1446
434
711
1112
823
551
1429
752
1081
735
904
1634
641
314
280
1809
957
1546
1776
1371
1925
896
1614
1215
1632
371
787
60
1856
415
1661
388
1915
1289
270
1151
807
1585
57
476
753
1808
425
674
153
17
1982
437
942
1692
965
165
978
413
1426
192
1145
899
1293
519
180
1365
1974
1021
660
431
262
284
477
778
1108
786
1465
521
960
857
1797
1295
1695
1045
1932
1311
1556
710
894
1947
1303
1597
285
1694
1909
666
692
421
356
1540
693
951
481
786
205
1158
1576
567
709
1934
1247
1387
152
1226
1920
131
236
998
641
1603
527
30
17
10
1439
901
465
235
38
1507
1228
908
1585
294
1429
1735
347
121
1772
366
1594
530
1708
923
1686
484
1140
53
1121
501
1696
1999
632
74
1411
171
693
111
483
652
1853
787
801
537
1789
1439
1620
157
1004
407
1697
923
1276
1481
1289
510
995
291
1215
1423
1825
385
1748
1184
1341
452
577
181
1984
1758
768
1410
1405
1545
312
959
1852
967
1427
9
706
740
77
1538
1679
1784
1403
248
419
105
1382
1859
477
654
1507
40
1938
94
1344
1435
135
1206
1213
737
539
1225
1716
355
1747
882
1718
1839
1171
1493
868
456
1846
147
663
1533
299
988
684
1863
1244
1119
735
28
1387
1085
1699
1617
396
12
668
1805
633
327
137
168
854
499
305
1106
978
1308
1001
1328
1990
141
815
1873
381
1727
550
926
1248
1081
1294
1232
221
181
1935
204
35
1843
114
889
1037
631
1020
1395
888
1614
264
1543
1667
270
912
510
466
587
648
1607
1391
21
615
1229
1486
271
1778
376
699
1915
1799
543
226
1712
819
1419
810
1630
1328
1622
1007
1976
1823
690
58
864
1117
1495
1152
1792
165
36
692
1508
227
1575
1993
1830
528
1335
